cidade(1,'Lisbon',38.716667,-9.133333,'Lisboa','primary','Yes','Yes').
cidade(2,'Picotos',41.192402,-8.619816,'Porto','minor','No','No').
cidade(3,'Braga',41.550323,-8.420052,'Braga','admin','No','Yes').
cidade(5,'Setubal',38.533333,-8.9,'Setubal','admin','Yes','Yes').
cidade(6,'Copeira',40.176915,-8.424018,'Coimbra','minor','No','No').
cidade(8,'Portimao',37.136636,-8.539796,'Faro','minor','Yes','No').
cidade(9,'Evora',38.566667,-7.9,'Evora','admin','No','Yes').
cidade(10,'Aveiro',40.644269,-8.645535,'Aveiro','admin','No','No').
cidade(11,'Leiria',39.747724,-8.804995,'Leiria','admin','No','No').
cidade(12,'Faro',37.019367,-7.932229,'Faro','admin','Yes','No').
cidade(13,'Beja',38.015064,-7.863227,'Beja','admin','No','No').
cidade(14,'Braganca',41.805817,-6.757189,'Braganca','admin','No','No').
cidade(15,'Castelo Branco',39.822191,-7.490869,'Castelo Branco','admin','No','No').
cidade(16,'Guarda',40.537328,-7.265749,'Guarda','admin','No','Yes').
cidade(17,'Santarem',39.233333,-8.683333,'Santarem','admin','No','No').
cidade(18,'Viseu',40.661014,-7.909714,'Viseu','admin','No','No').
cidade(19,'Covilha',40.286011,-7.503961,'Castelo Branco','minor','No','No').
cidade(20,'Vila Marim',41.304961,-7.779743,'Vila Real','minor','No','No').
cidade(21,'Portalegre',39.297178,-7.430151,'Portalegre','admin','No','No').
cidade(22,'Viana do Castelo',41.693234,-8.832869,'Viana do Castelo','admin','Yes','Yes').
cidade(25,'Lagos',37.101782,-8.674242,'Faro','minor','No','No').
cidade(26,'Paredes de Coura',41.910125,-8.560938,'Viana do Castelo','minor','No','No').
cidade(27,'Sao Joao da Pesqueira',41.148051,-7.404888,'Viseu','minor','No','Yes').
cidade(28,'Sao Joao da Madeira',40.900956,-8.499744,'Aveiro','minor','No','No').
cidade(29,'Fornos de Algodres',40.628072,-7.540638,'Guarda','minor','No','Yes').
cidade(30,'Castelo de Paiva',41.063007,-8.264696,'Aveiro','minor','No','No').
cidade(31,'Portel',38.30697,-7.702435,'evora','minor','No','No').
cidade(32,'Porto',41.149606,-8.610993,'Porto','admin','Yes','No').
cidade(33,'Serta',39.808461,-8.098829,'Castelo Branco','minor','No','Yes').
cidade(34,'Vila do Bispo',37.083172,-8.911438,'Faro','minor','No','No').
cidade(35,'Fronteira',39.056291,-7.648679,'Portalegre','minor','No','No').
cidade(36,'Alfandega da Fe',41.343149,-6.961124,'Braganca','minor','No','Yes').
cidade(37,'Celorico da Beira',40.637232,-7.39037,'Guarda','minor','No','No').
cidade(38,'Alcoutim',37.474317,-7.472282,'Faro','minor','No','No').
cidade(39,'Arronches',39.122417,-7.286192,'Portalegre','minor','No','Yes').
cidade(40,'Amarante',41.272711,-8.082455,'Porto','minor','No','No').
cidade(41,'Tabuaco',41.116147,-7.567934,'Viseu','minor','No','No').
cidade(42,'Gouveia',40.494455,-7.592145,'Guarda','minor','No','No').
cidade(43,'Aguiar da Beira',40.817264,-7.544307,'Guarda','minor','No','No').
cidade(44,'Idanha-a-Nova',39.923157,-7.240819,'Castelo Branco','minor','No','Yes').
cidade(45,'Ribeira de Pena',41.52147,-7.802372,'Vila Real','minor','No','No').
cidade(46,'Seia',40.415099,-7.708586,'Guarda','minor','No','No').
cidade(47,'Rio Maior',39.337325,-8.939063,'Santarem','minor','No','No').
cidade(48,'Condeixa-a-Nova',40.115733,-8.498336,'Coimbra','minor','No','No').
cidade(49,'Macao',39.555734,-7.994215,'Santarem','minor','No','No').
cidade(50,'Lousada',41.278223,-8.279926,'Porto','minor','No','No').
cidade(51,'Trancoso',40.783291,-7.350157,'Guarda','minor','No','No').
cidade(52,'Estarreja',40.756482,-8.572074,'Aveiro','minor','No','No').
cidade(53,'Moita',38.650779,-8.990383,'Setubal','minor','No','No').
cidade(54,'Ponte de Lima',41.767188,-8.583926,'Viana do Castelo','minor','No','Yes').
cidade(55,'Guimaraes',41.444435,-8.296189,'Braga','minor','No','Yes').
cidade(56,'Sobral de Monte Agraco',39.019579,-9.150809,'Lisboa','minor','No','Yes').
cidade(57,'Seixal',38.64008,-9.101412,'Setubal','minor','No','No').
cidade(58,'Almeirim',39.209028,-8.616426,'Santarem','minor','No','No').
cidade(59,'Cantanhede',40.346708,-8.594195,'Coimbra','minor','No','No').
cidade(60,'Elvas',38.881502,-7.162817,'Portalegre','minor','No','No').
cidade(61,'Ponte da Barca',41.804509,-8.415541,'Viana do Castelo','minor','No','Yes').
cidade(62,'Golega',39.40474,-8.48625,'Santarem','minor','No','No').
cidade(63,'Anadia',40.438409,-8.43352,'Aveiro','minor','No','No').
cidade(64,'Moura',38.140095,-7.44856,'Beja','minor','No','No').
cidade(65,'Avis',39.05391,-7.891556,'Portalegre','minor','No','No').
cidade(66,'Agueda',40.577205,-8.444418,'Aveiro','minor','No','No').
cidade(67,'Valongo',41.195007,-8.51027,'Porto','minor','No','No').
cidade(68,'Caminha',41.874874,-8.837321,'Viana do Castelo','minor','No','Yes').
cidade(69,'Ourique',37.653897,-8.225687,'Beja','minor','No','No').
cidade(70,'Sardoal',39.535994,-8.161413,'Santarem','minor','No','No').
cidade(71,'Vila do Conde',41.354811,-8.743397,'Porto','minor','Yes','No').
cidade(72,'Alijo',41.276781,-7.474883,'Vila Real','minor','No','No').
cidade(73,'Monchique',37.317748,-8.555294,'Faro','minor','No','No').
cidade(74,'Cabeceiras de Basto',41.514312,-7.989415,'Braga','minor','No','Yes').
cidade(75,'Aljezur',37.319152,-8.803305,'Faro','minor','No','No').
cidade(76,'Castanheira de Pera',40.007169,-8.210484,'Leiria','minor','Yes','Yes').
cidade(77,'Melgaco',42.113371,-8.260161,'Viana do Castelo','minor','No','Yes').
cidade(78,'Gaviao',39.464431,-7.934494,'Portalegre','minor','No','No').
cidade(79,'Monforte',39.053297,-7.437582,'Portalegre','minor','No','No').
cidade(80,'Vila Vicosa',38.777696,-7.417927,'Evora','minor','No','No').
cidade(81,'Almodovar',37.512792,-8.060077,'Beja','minor','No','No').
cidade(82,'Redondo',38.648716,-7.547082,'Evora','minor','No','No').
cidade(83,'Vila Nova de Cerveira',41.941184,-8.742304,'Viana do Castelo','minor','No','No').
cidade(84,'Mafra',38.937933,-9.327565,'Lisboa','minor','No','No').
cidade(85,'Lousa',40.111911,-8.24703,'Coimbra','minor','No','No').
cidade(86,'Amadora',38.759711,-9.239708,'Lisboa','minor','No','No').
cidade(87,'Pinhel',40.774029,-7.06675,'Guarda','minor','No','No').
cidade(88,'Estremoz',38.844316,-7.585854,'Evora','minor','No','No').
cidade(89,'Penamacor',40.168946,-7.169867,'Castelo Branco','minor','No','No').
cidade(90,'Penalva do Castelo',40.676273,-7.698391,'Viseu','minor','No','Yes').
cidade(91,'Crato',39.287571,-7.645494,'Portalegre','minor','No','No').
cidade(92,'Nelas',40.532157,-7.851525,'Viseu','minor','No','No').
cidade(93,'Aljustrel',37.877594,-8.165159,'Beja','minor','No','Yes').
cidade(94,'Esposende',41.536098,-8.782011,'Braga','minor','No','No').
cidade(95,'Alcochete',38.755335,-8.960861,'Setubal','minor','No','No').
cidade(96,'Sever do Vouga',40.734588,-8.367219,'Aveiro','minor','No','Yes').
cidade(97,'Sesimbra',38.444513,-9.101236,'Setubal','minor','No','No').
cidade(98,'Sao Pedro do Sul',40.75537,-8.072646,'Viseu','minor','No','No').
cidade(99,'Lourinha',39.233333,-9.316667,'Lisboa','minor','No','No').
cidade(100,'Santa Comba Dao',40.398559,-8.131601,'Viseu','minor','No','Yes').
cidade(101,'Entroncamento',39.466667,-8.466667,'Santarem','minor','Yes','No').
cidade(102,'Armamar',41.107646,-7.691386,'Viseu','minor','No','No').
cidade(103,'Arcos de Valdevez',41.848912,-8.410905,'Viana do Castelo','minor','No','Yes').
cidade(104,'Pacos de Ferreira',41.276571,-8.376174,'Porto','minor','No','No').
cidade(105,'Fafe',41.454227,-8.167998,'Braga','minor','No','No').
cidade(106,'Ponte de Sor',39.249642,-8.010086,'Portalegre','minor','No','No').
cidade(107,'Moimenta da Beira',40.983828,-7.617653,'Viseu','minor','No','No').
cidade(108,'Santa Marta de Penaguiao',41.211161,-7.800111,'Vila Real','minor','No','No').
cidade(109,'Murca',41.405997,-7.454846,'Vila Real','minor','No','No').
cidade(110,'Sernancelhe',40.898706,-7.493419,'Viseu','minor','No','No').
cidade(111,'Vila Real',41.30062,-7.744129,'Vila Real','admin','No','No').
cidade(112,'Vinhais',41.835094,-7.005007,'Braganca','minor','No','No').
cidade(113,'Alcacer do Sal',38.373258,-8.514436,'Setubal','minor','No','Yes').
cidade(114,'Ourem',39.641675,-8.591899,'Santarem','minor','No','No').
cidade(115,'Vila Nova de Gaia',41.133633,-8.617421,'Porto','minor','No','No').
cidade(116,'Castelo de Vide',39.414713,-7.454021,'Portalegre','minor','No','Yes').
cidade(117,'Vila Nova da Barquinha',39.45,-8.433333,'Santarem','minor','No','No').
cidade(118,'Loule',37.137722,-8.019684,'Faro','minor','No','No').
cidade(119,'Lamego',41.097407,-7.809907,'Viseu','minor','No','No').
cidade(120,'Alvaiazere',39.822559,-8.379994,'Leiria','minor','No','Yes').
cidade(121,'Satao',40.741775,-7.732855,'Viseu','minor','No','No').
cidade(122,'Albergaria-a-Velha',40.693185,-8.479936,'Aveiro','minor','No','No').
cidade(123,'Matosinhos',41.18207,-8.689076,'Porto','minor','No','Yes').
cidade(124,'Alandroal',38.702005,-7.403094,'Evora','minor','No','No').
cidade(125,'Proenca-a-Nova',39.752204,-7.923903,'Castelo Branco','minor','No','Yes').
cidade(126,'Lagoa',37.135349,-8.453188,'Faro','minor','No','No').
cidade(127,'Montijo',38.706747,-8.973885,'Setubal','minor','No','Yes').
cidade(128,'Felgueiras',41.368058,-8.193961,'Porto','minor','No','No').
cidade(129,'Nazare',39.602891,-9.068355,'Leiria','minor','No','No').
cidade(130,'Miranda do Corvo',40.09318,-8.332608,'Coimbra','minor','No','No').
cidade(131,'Penedono',40.988749,-7.393859,'Viseu','minor','No','No').
cidade(132,'Vale de Cambra',40.849701,-8.393892,'Aveiro','minor','No','No').
cidade(133,'Vila Flor',41.309043,-7.153784,'Braganca','minor','No','No').
cidade(134,'Figueiro dos Vinhos',39.904132,-8.275107,'Leiria','minor','No','Yes').
cidade(135,'Santiago do Cacem',38.016935,-8.69475,'Setubal','minor','No','No').
cidade(136,'Trofa',41.322784,-8.572016,'Porto','minor','No','No').
cidade(137,'Penafiel',41.208348,-8.282847,'Porto','minor','No','No').
cidade(138,'Penacova',40.268837,-8.282374,'Coimbra','minor','No','Yes').
cidade(139,'Pedrogao Grande',39.918345,-8.1459,'Leiria','minor','No','No').
cidade(140,'Oleiros',39.918934,-7.913698,'Castelo Branco','minor','No','No').
cidade(141,'Sousel',38.952894,-7.675286,'Portalegre','minor','No','Yes').
cidade(142,'Arraiolos',38.723626,-7.984777,'Evora','minor','No','No').
cidade(143,'Poiares',40.210256,-8.257464,'Coimbra','minor','No','No').
cidade(144,'Famalicao',41.407967,-8.51978,'Braga','minor','No','No').
cidade(145,'Vila Verde',41.647294,-8.43715,'Braga','minor','No','No').
cidade(146,'Terras de Bouro',41.717691,-8.30888,'Braga','minor','No','Yes').
cidade(147,'Manteigas',40.402799,-7.539769,'Guarda','minor','No','No').
cidade(148,'Sintra',38.800971,-9.378257,'Lisboa','minor','No','No').
cidade(149,'Vizela',41.390962,-8.263888,'Braga','minor','No','No').
cidade(150,'Vila Velha de Rodao',39.666667,-7.7,'Castelo Branco','minor','No','Yes').
cidade(151,'Benavente',38.979192,-8.807591,'Santarem','minor','Yes','No').
cidade(152,'Maia',41.235739,-8.619897,'Porto','minor','No','No').
cidade(153,'Santo Tirso',41.342567,-8.477456,'Porto','minor','No','No').
cidade(154,'Oeiras',38.691049,-9.310847,'Lisboa','minor','No','No').
cidade(155,'Celorico de Basto',41.387141,-8.00101,'Braga','minor','No','No').
cidade(156,'Bombarral',39.267231,-9.157952,'Leiria','minor','No','No').
cidade(157,'Barreiro',38.663137,-9.072395,'Setubal','minor','No','No').
cidade(158,'Belmonte',40.359303,-7.34869,'Castelo Branco','minor','No','No').
cidade(159,'Montemor-o-Velho',40.172873,-8.686162,'Coimbra','minor','No','No').
cidade(160,'Espinho',41.007628,-8.641251,'Aveiro','minor','No','No').
cidade(161,'Oliveira do Hospital',40.361796,-7.86014,'Coimbra','minor','No','No').
cidade(162,'Oliveira de Frades',40.733567,-8.174807,'Viseu','minor','No','No').
cidade(163,'Oliveira de Azemeis',40.84101,-8.475554,'Aveiro','minor','No','No').
cidade(164,'Oliveira do Bairro',40.514596,-8.493858,'Aveiro','minor','No','No').
cidade(165,'Viana do Alentejo',38.33458,-8.004399,'Evora','minor','No','No').
cidade(166,'Carrazeda de Anciaes',41.242466,-7.307206,'Braganca','minor','No','Yes').
cidade(167,'Ovar',40.861753,-8.626014,'Aveiro','minor','No','No').
cidade(168,'Torres Novas',39.481143,-8.539493,'Santarem','minor','No','No').
cidade(169,'Torres Vedras',39.091089,-9.258602,'Lisboa','minor','No','No').
cidade(170,'Cartaxo',39.160221,-8.787408,'Santarem','minor','No','No').
cidade(171,'Mangualde',40.604248,-7.76115,'Viseu','minor','No','No').
cidade(172,'Vila Nova de Paiva',40.852907,-7.727911,'Viseu','minor','Yes','Yes').
cidade(173,'Paredes',41.204853,-8.33147,'Porto','minor','No','No').
cidade(174,'Vidigueira',38.209949,-7.800504,'Beja','minor','No','No').
cidade(175,'Chamusca',39.35722,-8.48151,'Santarem','minor','No','No').
cidade(176,'Trofa',41.487817,-7.961286,'Braga','minor','No','No').
cidade(177,'Macedo de Cavaleiros',41.538161,-6.9611,'Braganca','minor','No','Yes').
cidade(178,'Resende',41.105822,-7.966497,'Viseu','minor','No','No').
cidade(179,'Povoa de Lanhoso',41.577713,-8.268468,'Braga','minor','No','No').
cidade(180,'Feira',40.925348,-8.542769,'Aveiro','minor','No','No').
cidade(181,'Azambuja',39.07029,-8.86822,'Lisboa','minor','No','No').
cidade(182,'Vieira do Minho',41.632923,-8.142521,'Braga','minor','No','Yes').
cidade(183,'Batalha',39.660252,-8.824751,'Leiria','minor','No','No').
cidade(184,'Alcanena',39.459005,-8.668924,'Santarem','minor','No','No').
cidade(185,'Palmela',38.569021,-8.901255,'Setubal','minor','No','No').
cidade(186,'Ferreira do Zezere',39.694064,-8.292131,'Santarem','minor','No','Yes').
cidade(187,'Arouca',40.930568,-8.24488,'Aveiro','minor','No','No').
cidade(188,'Vila de Rei',39.67604,-8.145768,'Castelo Branco','minor','No','No').
cidade(189,'Tomar',39.601987,-8.409242,'Santarem','minor','No','No').
cidade(190,'Tondela',40.516815,-8.080866,'Viseu','minor','No','No').
cidade(191,'Constancia',39.466667,-8.333333,'Santarem','minor','No','No').
cidade(192,'Vila Pouca de Aguiar',41.500176,-7.64383,'Vila Real','minor','No','No').
cidade(193,'Almada',38.679018,-9.156904,'Setubal','minor','No','No').
cidade(194,'Almeida',40.725672,-6.906137,'Guarda','minor','No','No').
cidade(195,'Alvito',38.256109,-7.991584,'Beja','minor','No','No').
cidade(196,'Soure',40.05989,-8.626053,'Coimbra','minor','No','No').
cidade(197,'Alenquer',39.053151,-9.009282,'Lisboa','minor','No','No').
cidade(198,'Mertola',37.643041,-7.661104,'Beja','minor','No','No').
cidade(199,'Mesao Frio',41.163167,-7.873534,'Vila Real','minor','No','No').
cidade(200,'Mourao',38.383562,-7.341888,'Evora','minor','No','No').
cidade(201,'Valpacos',41.607461,-7.310876,'Vila Real','minor','No','No').
cidade(202,'Pombal',39.916738,-8.628474,'Leiria','minor','Yes','No').
cidade(203,'Mogadouro',41.340203,-6.711347,'Braganca','minor','No','No').
cidade(204,'Povoa de Varzim',41.38344,-8.763637,'Porto','minor','No','No').
cidade(205,'BaiAo',41.162735,-8.034704,'Porto','minor','No','No').
cidade(206,'Mortagua',40.396746,-8.232341,'Viseu','minor','No','No').
cidade(207,'Tabua',40.362074,-8.02936,'Coimbra','minor','No','No').
cidade(208,'Cascais',38.69745,-9.423141,'Lisboa','minor','No','No').
cidade(209,'Barcelos',41.538763,-8.615053,'Braga','minor','Yes','No').
cidade(210,'Boticas',41.689874,-7.665938,'Vila Real','minor','No','No').
cidade(211,'Sabrosa',41.267017,-7.576007,'Vila Real','minor','No','No').
cidade(212,'Montalegre',41.823569,-7.789714,'Vila Real','minor','Yes','Yes').
cidade(213,'Gondomar',41.144536,-8.532229,'Porto','minor','No','No').
cidade(214,'Freixo de Espada a Cinta',41.090327,-6.806478,'Braganca','minor','No','No').
cidade(215,'Mora',38.943515,-8.164337,'Evora','minor','No','No').
cidade(216,'Vendas Novas',38.677056,-8.457924,'Evora','minor','No','No').
cidade(217,'Vila Nova de Foz Coa',41.083333,-7.2,'Guarda','minor','No','Yes').
cidade(218,'Caldas da Rainha',39.403255,-9.138387,'Leiria','minor','No','No').
cidade(219,'Marvao',39.393912,-7.376861,'Portalegre','minor','No','No').
cidade(220,'Vimioso',41.584726,-6.52767,'Braganca','minor','No','No').
cidade(221,'Odivelas',38.795234,-9.187387,'Lisboa','minor','No','No').
cidade(222,'Odemira',37.598106,-8.638886,'Beja','minor','No','No').
cidade(223,'Peniche',39.357486,-9.380439,'Leiria','minor','No','No').
cidade(224,'Vagos',40.555998,-8.68175,'Aveiro','minor','No','No').
cidade(225,'Marco de Canavezes',41.183887,-8.148641,'Porto','minor','No','Yes').
cidade(226,'Coruche',38.959546,-8.525235,'Santarem','minor','No','No').
cidade(227,'Coimbra',40.205642,-8.419551,'Coimbra','admin','No','No').
cidade(228,'Barrancos',38.134462,-6.976042,'Beja','minor','No','No').
cidade(229,'Montemor-o-Novo',38.648117,-8.214549,'Evora','minor','Yes','No').
cidade(230,'Meda',40.966352,-7.261634,'Guarda','minor','No','No').
cidade(231,'Obidos',39.360551,-9.156696,'Leiria','minor','No','No').
cidade(232,'Gois',40.157353,-8.110067,'Coimbra','minor','No','No').
cidade(233,'Reguengos de Monsaraz',38.425293,-7.534945,'Evora','minor','Yes','No').
cidade(234,'Torre de Moncorvo',41.174537,-7.05364,'Braganca','minor','No','Yes').
cidade(235,'Murtosa',40.736948,-8.637697,'Aveiro','minor','No','No').
cidade(236,'Alcobaca',39.552233,-8.977495,'Leiria','minor','No','No').
cidade(237,'Figueira da Foz',40.150852,-8.861786,'Coimbra','minor','No','No').
cidade(238,'Figueira de Castelo Rodrigo',40.892619,-6.963502,'Guarda','minor','No','Yes').
cidade(239,'Abrantes',39.466667,-8.2,'Santarem','minor','No','No').
cidade(240,'Arruda dos Vinhos',38.984106,-9.077463,'Lisboa','minor','No','No').
cidade(241,'Fundao',40.140247,-7.501348,'Castelo Branco','minor','No','No').
cidade(242,'Tarouca',41.014444,-7.781432,'Viseu','minor','No','No').
cidade(243,'Ilhavo',40.599896,-8.667325,'Aveiro','minor','No','No').
cidade(244,'Alpiarca',39.257116,-8.581866,'Santarem','minor','No','Yes').
cidade(245,'Albufeira',37.090205,-8.25079,'Faro','minor','No','No').
cidade(246,'Penela',40.033333,-8.383333,'Coimbra','minor','No','No').
cidade(247,'Valenca',42.03104,-8.645953,'Viana do Castelo','minor','No','No').
cidade(248,'Amares',41.630907,-8.351166,'Braga','minor','No','No').
cidade(249,'Sao Bras de Alportel',37.1531,-7.887515,'Faro','minor','No','No').
cidade(250,'Pampilhosa da Serra',40.046198,-7.951824,'Coimbra','minor','No','No').
cidade(251,'Tavira',37.127338,-7.648609,'Faro','minor','No','No').
cidade(252,'Nisa',39.514989,-7.649077,'Portalegre','minor','No','No').
cidade(253,'Alter do Chao',39.198712,-7.658298,'Portalegre','minor','Yes','No').
cidade(254,'Castro Verde',37.698282,-8.085812,'Beja','minor','No','No').
cidade(255,'Mealhada',40.378063,-8.449912,'Aveiro','minor','No','No').
cidade(256,'Cuba',38.165436,-7.892402,'Beja','minor','No','No').
cidade(257,'Vouzela',40.723613,-8.112833,'Viseu','minor','No','No').
cidade(258,'Vila Franca de Xira',38.955249,-8.98966,'Lisboa','minor','Yes','No').
cidade(259,'Marinha Grande',39.747691,-8.932284,'Leiria','minor','No','No').
cidade(260,'Cinfaes',41.071969,-8.089991,'Viseu','minor','No','No').
cidade(261,'Borba',38.80553,-7.45465,'Evora','minor','No','No').
cidade(262,'Mira',40.428924,-8.737462,'Coimbra','minor','No','No').
cidade(263,'Silves',37.189213,-8.438217,'Faro','minor','No','No').
cidade(264,'Grandola',38.177181,-8.566746,'Setubal','minor','No','No').
cidade(265,'Campo Maior',39.017742,-7.064967,'Portalegre','minor','No','No').
cidade(266,'Ferreira do Alentejo',38.05,-8.033333,'Beja','minor','No','No').
cidade(267,'Miranda do Douro',41.496921,-6.273077,'Braganca','minor','No','No').
cidade(268,'Mirandela',41.487385,-7.186949,'Braganca','minor','No','No').
cidade(269,'Chaves',41.740186,-7.468789,'Vila Real','minor','No','No').
cidade(270,'Sines',37.956215,-8.869788,'Setubal','minor','No','No').
cidade(271,'Mondim de Basto',41.411566,-7.954414,'Vila Real','minor','No','No').
cidade(272,'Moncao',42.078471,-8.481452,'Viana do Castelo','minor','No','Yes').
cidade(273,'Castro Marim',37.220683,-7.4435,'Faro','minor','No','No').
cidade(274,'Castro Daire',40.898399,-7.933805,'Viseu','minor','Yes','No').
cidade(275,'Arganil',40.218261,-8.054029,'Coimbra','minor','No','No').
cidade(276,'Olhao',37.0286,-7.841101,'Faro','minor','No','No').
cidade(277,'Cadaval',39.242977,-9.103271,'Lisboa','minor','Yes','No').
cidade(278,'Loures',38.829082,-9.168106,'Lisboa','minor','No','No').
cidade(279,'Salvaterra de Magos',39.027881,-8.793502,'Santarem','minor','No','Yes').
cidade(280,'Peso da Regua',41.164912,-7.787034,'Vila Real','minor','No','No').
cidade(281,'Serpa',37.945811,-7.597537,'Beja','minor','No','No').
cidade(282,'Sabugal',40.351267,-7.091036,'Guarda','minor','No','No').
cidade(283,'Ansiao',39.911774,-8.435683,'Leiria','minor','No','No').
cidade(284,'Vila Real de Santo Antonio',37.194999,-7.417658,'Faro','minor','No','Yes').
cidade(285,'Porto de Mos',39.601911,-8.818389,'Leiria','minor','No','No').
arco(1,53,0.15740371991792432).
arco(1,57,0.08297300048811404).
arco(1,86,0.11475376490991542).
arco(1,95,0.17675351483916915).
arco(1,127,0.1597562865867894).
arco(1,154,0.17935300978796037).
arco(1,157,0.08111042315263953).
arco(1,193,0.04441890635754282).
arco(1,221,0.09536565631819363).
arco(1,278,0.11767027557543855).
arco(2,32,0.04369602893856861).
arco(2,67,0.1095769690263422).
arco(2,115,0.05881778120602454).
arco(2,123,0.07002640804724991).
arco(2,136,0.13886794419159287).
arco(2,152,0.043337075697375944).
arco(2,160,0.18601314550590678).
arco(2,213,0.09981300779457597).
arco(3,55,0.16295493644870063).
arco(3,144,0.17381284394428392).
arco(3,145,0.09846682916089407).
arco(3,179,0.15403870018927107).
arco(3,209,0.19534334798246836).
arco(3,248,0.10601444265759458).
arco(5,53,0.14819800810064926).
arco(5,127,0.18849776821225286).
arco(5,185,0.03571005977312316).
arco(6,48,0.09626215376772049).
arco(6,85,0.18854779807783525).
arco(6,130,0.12396506897106412).
arco(6,138,0.16885697148770387).
arco(6,143,0.16985834450211706).
arco(6,227,0.029072231046133917).
arco(6,246,0.14923491531474994).
arco(8,25,0.13889034607199974).
arco(8,73,0.1817738830195349).
arco(8,126,0.08661756192020194).
arco(8,263,0.11437934328365476).
arco(9,142,0.17839077165032988).
arco(10,52,0.1341203783546681).
arco(10,122,0.1726725335917671).
arco(10,164,0.19955199637688764).
arco(10,224,0.09541119256145841).
arco(10,235,0.09300984509716935).
arco(10,243,0.049434474094501996).
arco(11,183,0.089675249205116).
arco(11,259,0.12728900427766662).
arco(11,285,0.14642687664837722).
arco(12,118,0.14716073881983086).
arco(12,249,0.14101013114312008).
arco(12,276,0.0915945449958673).
arco(13,256,0.1531761045626868).
arco(13,266,0.17365648658198696).
arco(16,37,0.1597222678808409).
arco(16,158,0.1963978363068239).
arco(17,58,0.07118482755475175).
arco(17,170,0.12718871871750362).
arco(17,244,0.1042170004269936).
arco(18,92,0.14138630121055212).
arco(18,98,0.18828141533353665).
arco(18,121,0.19442593706087513).
arco(18,171,0.1590397461391349).
arco(19,147,0.12215420503609313).
arco(19,158,0.1716997399677683).
arco(19,241,0.14578741874729773).
arco(20,108,0.09598591263305427).
arco(20,111,0.03587758739101554).
arco(20,199,0.17000673550480083).
arco(20,280,0.14023865758769707).
arco(21,116,0.11993437007379988).
arco(21,219,0.1104413457723132).
arco(22,68,0.18169455111257618).
arco(22,94,0.16516131102651782).
arco(25,8,0.13889034607199974).
arco(26,54,0.14477373419581663).
arco(26,61,0.17970817194830005).
arco(26,83,0.18400621575642534).
arco(26,103,0.16203991007773494).
arco(26,247,0.14781064728225507).
arco(26,272,0.18616766612921745).
arco(27,41,0.16613808513402467).
arco(27,72,0.1465288808562987).
arco(27,131,0.15968333051699923).
arco(27,166,0.1358527340505136).
arco(28,52,0.16156845476763348).
arco(28,132,0.11760833698764668).
arco(28,160,0.17720932998293112).
arco(28,163,0.06464270272815321).
arco(28,167,0.1322156878324203).
arco(28,180,0.049458268156092486).
arco(29,37,0.15054692764716274).
arco(29,42,0.14320081612197696).
arco(29,43,0.18922757310973318).
arco(29,90,0.16495255502719489).
arco(30,137,0.14647001427596212).
arco(30,173,0.15677708631046863).
arco(30,187,0.13391326512709442).
arco(30,225,0.16757308084832773).
arco(30,260,0.17493471487672335).
arco(31,174,0.13795145233740588).
arco(32,2,0.04369602893856861).
arco(32,67,0.11048245801936118).
arco(32,115,0.017217895138484467).
arco(32,123,0.08456279433060503).
arco(32,136,0.17751007355358764).
arco(32,152,0.08659200254642828).
arco(32,160,0.14516645290148988).
arco(32,213,0.07892700802640489).
arco(33,125,0.18374970891133488).
arco(33,139,0.11954150951447835).
arco(33,188,0.14049409582612438).
arco(35,141,0.10676550031728524).
arco(35,253,0.14274546017999898).
arco(36,133,0.1956555515082555).
arco(36,177,0.1950120014768377).
arco(36,234,0.1923258089804866).
arco(37,16,0.1597222678808409).
arco(37,29,0.15054692764716274).
arco(37,51,0.1514936198326526).
arco(39,79,0.1664226742364146).
arco(40,50,0.19754791313754752).
arco(40,128,0.1467127753298923).
arco(40,155,0.14045466501686402).
arco(40,205,0.11989528171283759).
arco(40,225,0.11077133912705239).
arco(40,271,0.18887882016255758).
arco(41,27,0.16613808513402467).
arco(41,72,0.18563881748438432).
arco(41,102,0.12374434655773081).
arco(41,107,0.1413516774643964).
arco(41,211,0.1510858372879517).
arco(42,29,0.14320081612197696).
arco(42,46,0.14091089814844227).
arco(42,147,0.10556546647460116).
arco(43,29,0.18922757310973318).
arco(43,51,0.19709994223489782).
arco(43,107,0.18199780716261482).
arco(43,110,0.09603326459096992).
arco(43,172,0.18703168786331364).
arco(45,74,0.18717991562397948).
arco(45,176,0.16243824612756733).
arco(45,192,0.1599656219317132).
arco(45,271,0.18760506117906303).
arco(46,42,0.14091089814844227).
arco(46,92,0.1847542505194395).
arco(46,147,0.16926449565399157).
arco(46,161,0.1606543641641893).
arco(46,171,0.19631688235350547).
arco(47,277,0.18938271401582268).
arco(48,6,0.09626215376772049).
arco(48,130,0.16725551648002518).
arco(48,159,0.19632520438293252).
arco(48,196,0.13939179580592134).
arco(48,227,0.11954373469989862).
arco(48,246,0.14147596972277626).
arco(49,70,0.1683592551777298).
arco(49,78,0.10910011755264334).
arco(49,188,0.1934989546354193).
arco(50,40,0.19754791313754752).
arco(50,55,0.16700573077891828).
arco(50,104,0.09626217641420846).
arco(50,128,0.12433948869928697).
arco(50,137,0.06993602695320533).
arco(50,149,0.11387405132426388).
arco(50,173,0.08966571717216981).
arco(50,225,0.16166332954940563).
arco(51,37,0.1514936198326526).
arco(51,43,0.19709994223489782).
arco(51,110,0.1839690812854152).
arco(52,10,0.1341203783546681).
arco(52,28,0.16156845476763348).
arco(52,122,0.11178515667565114).
arco(52,163,0.1283007918292003).
arco(52,167,0.1182857009152006).
arco(52,180,0.17138993255439622).
arco(52,235,0.06846864453894082).
arco(52,243,0.18328100937358185).
arco(53,1,0.15740371991792432).
arco(53,5,0.14819800810064926).
arco(53,57,0.1115432985077997).
arco(53,95,0.10864393963770132).
arco(53,127,0.058348959099541894).
arco(53,157,0.08293785811075712).
arco(53,185,0.12094697577037586).
arco(53,193,0.16889844452214584).
arco(54,26,0.14477373419581663).
arco(54,61,0.1724713462172794).
arco(54,103,0.19135066923583074).
arco(54,145,0.18951982854571855).
arco(55,3,0.16295493644870063).
arco(55,50,0.16700573077891828).
arco(55,104,0.1859460209872764).
arco(55,105,0.1285644419931106).
arco(55,128,0.12760881675260596).
arco(55,149,0.062471724243850335).
arco(55,179,0.1361303754677886).
arco(55,248,0.1944075032322586).
arco(56,84,0.1947017022319004).
arco(56,169,0.12935613997410136).
arco(56,197,0.14545436024059216).
arco(56,240,0.08147373469407392).
arco(56,258,0.17351469419331542).
arco(56,278,0.1912806660852063).
arco(57,1,0.08297300048811404).
arco(57,53,0.1115432985077997).
arco(57,86,0.1828588520608215).
arco(57,95,0.18176440417749892).
arco(57,97,0.19556707919534616).
arco(57,127,0.14390144063907243).
arco(57,157,0.03706226568897326).
arco(57,193,0.06779033786610184).
arco(57,221,0.17738225486502554).
arco(58,17,0.07118482755475175).
arco(58,170,0.17781160696928613).
arco(58,244,0.05921865706008578).
arco(59,63,0.1850014297944746).
arco(59,159,0.19666351037749472).
arco(59,164,0.19558602739715125).
arco(59,255,0.1476506691959091).
arco(59,262,0.1651814273609502).
arco(60,265,0.16773777183449248).
arco(61,26,0.17970817194830005).
arco(61,54,0.1724713462172794).
arco(61,103,0.0446443602821185).
arco(61,145,0.15869311612669376).
arco(61,146,0.1375279391432881).
arco(61,248,0.18515343644934293).
arco(62,101,0.06494957442509199).
arco(62,117,0.06963243848236705).
arco(62,168,0.09312483802939453).
arco(62,175,0.04775581639967925).
arco(62,184,0.19056358650329883).
arco(62,191,0.16498049041629334).
arco(62,244,0.17588423701968853).
arco(63,59,0.1850014297944746).
arco(63,66,0.139223187795711).
arco(63,164,0.09718607520112935).
arco(63,255,0.06253269049065707).
arco(66,63,0.139223187795711).
arco(66,96,0.17529715995988343).
arco(66,122,0.12129669708611227).
arco(66,164,0.07977593923608874).
arco(66,255,0.1992177707936738).
arco(67,2,0.1095769690263422).
arco(67,32,0.11048245801936118).
arco(67,104,0.15695357056148773).
arco(67,115,0.12348321617531353).
arco(67,123,0.1792733990445871).
arco(67,136,0.14191381273505546).
arco(67,152,0.11694945469304414).
arco(67,153,0.1511645202949478).
arco(67,173,0.1790708901971516).
arco(67,213,0.055041071228668956).
arco(68,22,0.18169455111257618).
arco(68,83,0.11586736550470075).
arco(69,254,0.14674823286840577).
arco(70,49,0.1683592551777298).
arco(70,188,0.14091716765887485).
arco(70,191,0.18537184071212165).
arco(70,239,0.07934223023081813).
arco(71,94,0.18535376274843127).
arco(71,123,0.1810807116232931).
arco(71,136,0.17434785886267729).
arco(71,152,0.17155288159631404).
arco(71,204,0.035061050198191474).
arco(72,27,0.1465288808562987).
arco(72,41,0.18563881748438432).
arco(72,109,0.13076029988111795).
arco(72,166,0.17115225839585074).
arco(72,211,0.10159428661100904).
arco(73,8,0.1817738830195349).
arco(73,263,0.1738627911716589).
arco(74,45,0.18717991562397948).
arco(74,105,0.18841999658740963).
arco(74,155,0.12769850142425032).
arco(74,176,0.03864227821958528).
arco(74,182,0.19367502822253668).
arco(74,271,0.10854404874058847).
arco(76,85,0.11093465049298368).
arco(76,130,0.1493725660789161).
arco(76,134,0.12162547224163296).
arco(76,139,0.10982165556937835).
arco(76,232,0.18066213699887584).
arco(76,246,0.1748179959186138).
arco(78,49,0.10910011755264334).
arco(79,39,0.1664226742364146).
arco(80,82,0.18252905090697097).
arco(80,88,0.180659075966308).
arco(80,124,0.07713070316028399).
arco(80,261,0.046079391109257746).
arco(81,254,0.18726673576746244).
arco(82,80,0.18252905090697097).
arco(82,88,0.19940568693996572).
arco(82,124,0.1535326078232235).
arco(82,261,0.18202830884233098).
arco(83,26,0.18400621575642534).
arco(83,68,0.11586736550470075).
arco(83,247,0.13174830525285558).
arco(84,56,0.1947017022319004).
arco(84,86,0.19870061331812555).
arco(84,148,0.14604200870982662).
arco(84,169,0.16796623382394055).
arco(84,278,0.19306919195459513).
arco(85,6,0.18854779807783525).
arco(85,76,0.11093465049298368).
arco(85,130,0.08760390656243637).
arco(85,138,0.16085697936987245).
arco(85,143,0.09889695334539066).
arco(85,227,0.19633898187064017).
arco(85,232,0.14430467328884414).
arco(85,246,0.15733089300261408).
arco(86,1,0.11475376490991542).
arco(86,57,0.1828588520608215).
arco(86,84,0.19870061331812555).
arco(86,148,0.14456214235061451).
arco(86,154,0.09886975050540246).
arco(86,157,0.19318430952072888).
arco(86,193,0.11561947355441686).
arco(86,208,0.19371137707940542).
arco(86,221,0.0632405769265267).
arco(86,278,0.09969544646070654).
arco(87,194,0.1677347167941076).
arco(87,238,0.15723783769818592).
arco(88,80,0.180659075966308).
arco(88,82,0.19940568693996572).
arco(88,141,0.14066721262611348).
arco(88,261,0.1368168243016926).
arco(89,282,0.19863351580737992).
arco(90,29,0.16495255502719489).
arco(90,121,0.07401539907343162).
arco(90,171,0.09553163196554576).
arco(90,172,0.17908378027057606).
arco(91,253,0.08977674697269826).
arco(92,18,0.14138630121055212).
arco(92,46,0.1847542505194395).
arco(92,161,0.17057868725605768).
arco(92,171,0.11560602452294616).
arco(93,254,0.1960835019908632).
arco(94,22,0.16516131102651782).
arco(94,71,0.18535376274843127).
arco(94,204,0.15375977640462665).
arco(94,209,0.16697926814128858).
arco(95,1,0.17675351483916915).
arco(95,53,0.10864393963770132).
arco(95,57,0.18176440417749892).
arco(95,127,0.05030326351242249).
arco(95,157,0.14470765135265226).
arco(95,185,0.1956164150371869).
arco(96,66,0.17529715995988343).
arco(96,122,0.12008051672940202).
arco(96,132,0.11816281859366823).
arco(96,162,0.19241470885823764).
arco(96,163,0.1518621556181756).
arco(97,57,0.19556707919534616).
arco(98,18,0.18828141533353665).
arco(98,162,0.10446167110476308).
arco(98,257,0.05122013293617944).
arco(98,274,0.19933418703774733).
arco(99,156,0.16229456438525694).
arco(99,169,0.15363886149344366).
arco(99,223,0.13957376326874602).
arco(100,138,0.19889769936578083).
arco(100,190,0.1286799198049195).
arco(100,206,0.10075631279974474).
arco(100,207,0.10855587181723426).
arco(100,275,0.19627731399221915).
arco(101,62,0.06494957442509199).
arco(101,117,0.03726854498098817).
arco(101,168,0.074250796978889).
arco(101,175,0.11044890428610268).
arco(101,189,0.14700045246528956).
arco(101,191,0.13333399999999962).
arco(102,41,0.12374434655773081).
arco(102,107,0.14410916838633123).
arco(102,108,0.15012155358241863).
arco(102,119,0.11896245021854666).
arco(102,199,0.19042183526318643).
arco(102,211,0.19675220273735192).
arco(102,242,0.12959511919822045).
arco(102,280,0.11148064702000947).
arco(103,26,0.16203991007773494).
arco(103,54,0.19135066923583074).
arco(103,61,0.0446443602821185).
arco(103,146,0.16621688080937794).
arco(104,50,0.09626217641420846).
arco(104,55,0.1859460209872764).
arco(104,67,0.15695357056148773).
arco(104,137,0.11560409446900895).
arco(104,144,0.19464735305675399).
arco(104,149,0.1602917548628167).
arco(104,153,0.12088637450101898).
arco(104,173,0.08450987599091413).
arco(105,55,0.1285644419931106).
arco(105,74,0.18841999658740963).
arco(105,128,0.08999541060521286).
arco(105,149,0.11487972982645785).
arco(105,155,0.17995978311834124).
arco(105,179,0.1591948902948831).
arco(105,182,0.18050301367289762).
arco(107,41,0.1413516774643964).
arco(107,43,0.18199780716261482).
arco(107,102,0.14410916838633123).
arco(107,110,0.15059827900743358).
arco(107,172,0.171164058157664).
arco(107,242,0.16661602653106228).
arco(108,20,0.09598591263305427).
arco(108,102,0.15012155358241863).
arco(108,111,0.10553149769145195).
arco(108,119,0.11417501535800215).
arco(108,178,0.19692792061309822).
arco(108,199,0.0877175066050078).
arco(108,242,0.19760182977391647).
arco(108,280,0.04806222976516621).
arco(109,72,0.13076029988111795).
arco(109,211,0.18437849202387735).
arco(110,43,0.09603326459096992).
arco(110,51,0.1839690812854152).
arco(110,107,0.15059827900743358).
arco(110,131,0.13423835312234847).
arco(111,20,0.03587758739101554).
arco(111,108,0.10553149769145195).
arco(111,199,0.18878289444226734).
arco(111,211,0.1714472761317603).
arco(111,280,0.14232884559709005).
arco(114,168,0.16886951133937345).
arco(114,184,0.19824525095194773).
arco(114,189,0.18691901185540083).
arco(115,2,0.05881778120602454).
arco(115,32,0.017217895138484467).
arco(115,67,0.12348321617531353).
arco(115,123,0.08649035780941108).
arco(115,136,0.19452432965055635).
arco(115,152,0.10213601623325545).
arco(115,160,0.12823856255043414).
arco(115,213,0.08588685739390024).
arco(116,21,0.11993437007379988).
arco(116,219,0.07991462445009652).
arco(117,62,0.06963243848236705).
arco(117,101,0.03726854498098817).
arco(117,168,0.11063377444975926).
arco(117,175,0.10454258332852197).
arco(117,189,0.15388445161873704).
arco(117,191,0.1013794303051653).
arco(118,12,0.14716073881983086).
arco(118,249,0.13306061567947228).
arco(119,102,0.11896245021854666).
arco(119,108,0.11417501535800215).
arco(119,178,0.1568159441032711).
arco(119,199,0.09150285639804165).
arco(119,242,0.08771365340698062).
arco(119,280,0.071274814303515).
arco(120,134,0.13287376376847215).
arco(120,186,0.15566268593982413).
arco(120,283,0.10516929659363723).
arco(121,18,0.19442593706087513).
arco(121,90,0.07401539907343162).
arco(121,171,0.14040755946173133).
arco(121,172,0.11124191907730237).
arco(122,10,0.1726725335917671).
arco(122,52,0.11178515667565114).
arco(122,66,0.12129669708611227).
arco(122,96,0.12008051672940202).
arco(122,132,0.17860802947236518).
arco(122,163,0.14788993390017874).
arco(122,164,0.17913082650677636).
arco(122,235,0.1637184573895061).
arco(123,2,0.07002640804724991).
arco(123,32,0.08456279433060503).
arco(123,67,0.1792733990445871).
arco(123,71,0.1810807116232931).
arco(123,115,0.08649035780941108).
arco(123,136,0.18303954052608098).
arco(123,152,0.08755624250731606).
arco(123,160,0.18087908112604434).
arco(123,213,0.16127548655949028).
arco(124,80,0.07713070316028399).
arco(124,82,0.1535326078232235).
arco(124,261,0.11565226656230947).
arco(125,33,0.18374970891133488).
arco(125,140,0.16704201544821107).
arco(126,8,0.08661756192020194).
arco(126,263,0.05590582560879052).
arco(127,1,0.1597562865867894).
arco(127,5,0.18849776821225286).
arco(127,53,0.058348959099541894).
arco(127,57,0.14390144063907243).
arco(127,95,0.05030326351242249).
arco(127,157,0.10773138911199596).
arco(127,185,0.1557034616699319).
arco(127,193,0.18510767623737442).
arco(128,40,0.1467127753298923).
arco(128,50,0.12433948869928697).
arco(128,55,0.12760881675260596).
arco(128,105,0.08999541060521286).
arco(128,137,0.18277856848109708).
arco(128,149,0.07358246085175572).
arco(128,155,0.1938923652184368).
arco(128,225,0.18966512499929902).
arco(129,236,0.10402774900957938).
arco(129,259,0.1987016785057473).
arco(130,6,0.12396506897106412).
arco(130,48,0.16725551648002518).
arco(130,76,0.1493725660789161).
arco(130,85,0.08760390656243637).
arco(130,134,0.19759937071003011).
arco(130,138,0.18269875863015692).
arco(130,143,0.13911653572455365).
arco(130,227,0.142150577533122).
arco(130,246,0.07845182619926526).
arco(131,27,0.15968333051699923).
arco(131,110,0.13423835312234847).
arco(131,230,0.13410844952500167).
arco(132,28,0.11760833698764668).
arco(132,96,0.11816281859366823).
arco(132,122,0.17860802947236518).
arco(132,163,0.08212317410451414).
arco(132,180,0.16699350208316383).
arco(132,187,0.16954069668666386).
arco(133,36,0.1956555515082555).
arco(133,166,0.1672447518249834).
arco(133,234,0.16769223229476232).
arco(133,268,0.18139952091722916).
arco(134,76,0.12162547224163296).
arco(134,120,0.13287376376847215).
arco(134,130,0.19759937071003011).
arco(134,139,0.12998637704775218).
arco(134,246,0.16854010050133625).
arco(134,283,0.16075774301724854).
arco(135,270,0.18527066644236798).
arco(136,2,0.13886794419159287).
arco(136,32,0.17751007355358764).
arco(136,67,0.14191381273505546).
arco(136,71,0.17434785886267729).
arco(136,115,0.19452432965055635).
arco(136,123,0.18303954052608098).
arco(136,144,0.09992368680648245).
arco(136,152,0.09934496557953693).
arco(136,153,0.09660724967102657).
arco(136,213,0.18263448434783275).
arco(137,30,0.14647001427596212).
arco(137,50,0.06993602695320533).
arco(137,104,0.11560409446900895).
arco(137,128,0.18277856848109708).
arco(137,149,0.18359552466495574).
arco(137,173,0.048748447708618664).
arco(137,225,0.13641697459260815).
arco(138,6,0.16885697148770387).
arco(138,85,0.16085697936987245).
arco(138,100,0.19889769936578083).
arco(138,130,0.18269875863015692).
arco(138,143,0.0636572200225522).
arco(138,206,0.137346326379706).
arco(138,227,0.15103356366715276).
arco(138,255,0.19999825129235368).
arco(139,33,0.11954150951447835).
arco(139,76,0.10982165556937835).
arco(139,134,0.12998637704775218).
arco(140,125,0.16704201544821107).
arco(140,250,0.1328522396198091).
arco(141,35,0.10676550031728524).
arco(141,88,0.14066721262611348).
arco(142,9,0.17839077165032988).
arco(143,6,0.16985834450211706).
arco(143,85,0.09889695334539066).
arco(143,130,0.13911653572455365).
arco(143,138,0.0636572200225522).
arco(143,206,0.18817461366773075).
arco(143,227,0.16215265821132852).
arco(143,232,0.15660333016254793).
arco(144,3,0.17381284394428392).
arco(144,104,0.19464735305675399).
arco(144,136,0.09992368680648245).
arco(144,152,0.19921319653325872).
